motif: RLM1 AGTTCTATAAATAGATTC
A:	0.050	0.380	0.143	-3.650	-3.650	-3.650	1.466	0.511	0.825	0.869	1.196	-3.650	1.466	-3.650	1.028	-0.830	-0.296	0.050	
C:	-0.167	0.050	1.132	1.341	-3.650	1.466	-3.650	0.990	0.731	0.680	0.050	1.466	-3.650	-3.650	-2.056	0.731	0.511	-0.296	
G:	0.050	0.511	-2.056	-0.620	-3.650	-3.650	-3.650	-3.650	-3.650	-3.650	-3.650	-3.650	-3.650	1.466	-3.650	-1.465	-1.100	0.050	
T:	0.050	-1.465	-3.650	-3.650	1.466	-3.650	-3.650	-3.650	-3.650	-3.650	-3.650	-3.650	-3.650	-3.650	0.380	0.447	0.511	0.307
motif: SMP1 ATGCTTCTATTTATAGCAAC
A:	0.452	0.452	0.762	-3.037	-3.037	0.452	-3.037	-3.037	1.751	0.174	0.926	0.998	1.398	-3.037	1.751	-0.846	0.452	1.647	0.566	0.174	
C:	-0.211	0.847	-3.037	0.566	1.751	0.762	-1.435	1.751	-3.037	1.530	1.130	1.130	0.566	1.751	-3.037	-3.037	0.323	-1.435	0.566	0.323	
G:	0.000	-0.211	1.299	-3.037	-3.037	0.762	-3.037	-3.037	-3.037	-3.037	-3.037	-3.037	-3.037	-3.037	-3.037	1.683	-3.037	-3.037	0.323	-0.211	
T:	-0.480	0.000	-3.037	1.398	-3.037	-3.037	1.718	-3.037	-3.037	-3.037	-3.037	-3.037	-3.037	-3.037	-3.037	-3.037	0.998	-3.037	-0.211	0.566	
motif: ABF1 TCACTATACACG
A:	-2.703	-2.703	1.099	-0.511	-0.143	0.659	-0.143	0.336	0.336	1.335	-2.703	-1.100	
C:	1.335	-2.703	-0.511	-1.100	0.511	-0.511	0.659	-0.143	-2.703	-2.703	-2.703	-2.703	
G:	-2.703	-2.703	-2.703	-2.703	-0.511	-0.143	-1.100	-0.511	-0.143	-2.703	-1.100	1.262	
T:	-2.703	1.335	-1.100	1.099	-0.143	-0.511	-0.143	0.125	0.511	-2.703	1.262	-2.703	
motif: CSRE TTCGGATGAATGG
A:	-1.609	-1.609	-1.609	-1.609	-1.609	1.224	-1.609	0.000	0.956	1.224	0.000	-1.609	-1.609	
C:	0.588	0.588	-1.609	-1.609	-1.609	-1.609	0.956	-1.609	-1.609	-1.609	0.956	0.000	0.000	
G:	0.000	-1.609	-1.609	1.224	1.224	-1.609	-1.609	0.956	0.000	-1.609	-1.609	0.956	0.956	
T:	0.000	0.588	1.224	-1.609	-1.609	-1.609	0.000	-1.609	-1.609	-1.609	-1.609	-1.609	-1.609	
motif: SCB CACGAAA
A:	-2.397	0.821	-2.397	-2.397	1.316	1.316	1.316	
C:	-2.397	-0.201	-2.397	-2.397	-2.397	-2.397	-2.397	
G:	-2.397	-0.201	-2.397	1.316	-2.397	-2.397	-2.397	
T:	1.316	-2.397	1.316	-2.397	-2.397	-2.397	-2.397
motif: GAL4 CGGAGCACACTCCTCCG
A:	-2.397	-2.397	-2.397	0.435	-0.787	-0.787	0.969	-2.397	0.647	-0.787	-2.397	-0.201	-2.397	-0.201	-2.397	-2.397	-2.397	
C:	-2.397	-2.397	-2.397	-2.397	-0.787	-0.787	-0.787	-2.397	0.647	-0.201	0.969	-0.201	-0.787	0.821	-2.397	-2.397	-2.397	
G:	-2.397	1.316	1.213	0.435	0.647	0.167	-0.201	0.167	-2.397	0.167	-0.787	-0.787	0.435	-0.787	-0.787	-2.397	1.316	
T:	1.316	-2.397	-0.787	-0.201	0.167	0.647	-2.397	0.969	-2.397	0.435	-0.201	0.647	0.647	-0.787	1.213	1.316	-2.397	
motif: GCN4 TGACTC
A:	-3.147	-3.147	1.353	-1.528	-3.147	-0.091	
C:	1.353	-1.528	-3.147	-0.939	1.307	-0.939	
G:	-3.147	1.307	-3.147	-0.939	-1.528	-0.571	
T:	-3.147	-3.147	-3.147	1.099	-3.147	0.756	
motif: GCR1 CTTCC
A:	-1.945	0.252	-1.945	-1.945	-1.945	
C:	-1.945	0.887	1.273	-1.945	-1.945	
G:	-1.945	-1.945	-1.945	-1.945	-1.945	
T:	1.273	-1.945	-1.945	1.273	1.273	
motif: MCB ACGCGT
A:	1.149	-2.564	-2.564	-2.564	-2.564	0.000	
C:	-0.955	-2.564	-2.564	-2.564	-2.564	1.046	
G:	-2.564	-2.564	1.327	-2.564	1.327	-2.564	
T:	-0.955	1.327	-2.564	1.327	-2.564	-2.564	
motif: MCM1 CCCAATTAGG
A:	-0.693	-2.882	-0.693	0.477	1.080	0.154	0.154	1.284	-2.882	-2.882	
C:	-2.882	-2.882	-0.326	0.154	-0.693	1.001	0.823	-2.882	-2.882	-2.882	
G:	-2.882	-2.882	-0.326	-0.326	-1.280	-2.882	-2.882	-1.280	1.344	1.344	
T:	1.221	1.344	0.721	-0.693	-1.280	-2.882	-0.693	-2.882	-2.882	-2.882	
motif: MATalpha2 CATGTAATT
A:	-2.489	1.126	-2.489	-2.489	-2.489	1.229	1.126	0.349	-2.489	
C:	-0.875	-2.489	1.322	-2.489	1.322	-0.875	-0.875	0.883	1.322	
G:	-2.489	-0.288	-2.489	1.322	-2.489	-2.489	-2.489	-2.489	-2.489	
T:	1.229	-2.489	-2.489	-2.489	-2.489	-2.489	-0.875	-2.489	-2.489	
motif: MIG1 CCCCAGATTTTT
A:	-2.397	-2.397	-2.397	-2.397	0.821	-2.397	0.821	-0.787	0.435	0.167	0.435	0.167	
C:	-2.397	-2.397	-2.397	-2.397	-2.397	-2.397	-0.201	0.969	0.821	0.969	0.821	0.647	
G:	-2.397	-2.397	-2.397	-2.397	0.435	0.647	-0.201	-2.397	-2.397	-2.397	-2.397	-2.397	
T:	1.316	1.316	1.316	1.316	-2.397	0.647	-2.397	-0.201	-2.397	-2.397	-2.397	-0.201
motif: PHO2 TTAAATT
A:	-1.945	-1.945	1.273	1.273	1.099	-1.945	-1.945	
C:	0.619	1.273	-1.945	-1.945	-0.337	1.273	0.619	
G:	-0.337	-1.945	-1.945	-1.945	-1.945	-1.945	0.619	
T:	0.252	-1.945	-1.945	-1.945	-1.945	-1.945	-1.945	
motif: PDR1_PDR3 TCCGCGGA
A:	-2.937	-2.937	-2.937	-1.336	-2.937	-2.937	-2.937	1.290	
C:	1.346	-2.937	-2.937	-2.937	0.100	-2.937	-2.937	-2.937	
G:	-2.937	-2.937	-2.937	1.290	-2.937	1.346	1.290	-1.336	
T:	-2.937	1.346	1.346	-2.937	1.026	-2.937	-1.336	-2.937
motif: PHO4 CGCACGTGGT
A:	0	-0.368	-2.564	1.327	-2.564	-2.564	-2.564	-2.564	-0.955	0
C:	-0.955	-0.955	-2.564	-2.564	-2.564	-2.564	1.242	0.479	0.268	0.268
G:	0	0.802	-2.564	-2.564	-2.564	1.327	-2.564	0.802	0.479	0.268
T:	0.479	-0.368	1.327	-2.564	1.327	-2.564	-0.955	-2.564	-0.368	-0.955
motif: REB1 TTACCCG
A:	-2.781	-1.165	1.338	-2.781	-2.781	-2.781	-2.781	
C:	1.198	1.034	-2.781	-2.781	-2.781	-2.781	-0.576	
G:	-2.781	-2.781	-2.781	-2.781	-2.781	-2.781	1.198	
T:	-0.576	-0.208	-2.781	1.338	1.338	1.338	-2.781
motif: ROX1 TCCATTGTTCTC
A:	-2.198	-2.198	0.000	1.170	-2.198	-2.198	-2.198	-2.198	-2.198	-2.198	-0.587	-2.198	
C:	0.636	0.000	0.000	-2.198	1.299	1.170	-2.198	1.299	1.299	0.000	1.022	-0.587	
G:	-2.198	-2.198	-2.198	-2.198	-2.198	-0.587	1.299	-2.198	-2.198	-0.587	-0.587	0.000	
T:	0.636	1.022	0.636	-0.587	-2.198	-2.198	-2.198	-2.198	-2.198	0.847	-2.198	0.847	
motif: RAP1 ACACCCATACAC
A:	0.663	0.000	1.341	-2.830	-2.830	-2.830	1.137	-0.268	0.973	-2.830	0.973	-2.830	
C:	-1.224	-2.830	-2.830	-2.830	-2.830	-1.224	-1.224	0.211	-0.268	-0.637	-0.637	0.534	
G:	0.534	-2.830	-2.830	-2.830	-2.830	-2.830	-1.224	0.211	-0.637	-2.830	-2.830	-1.224	
T:	-2.830	1.058	-2.830	1.341	1.341	1.278	-1.224	-0.268	-2.830	1.210	-0.268	0.663
motif: repressor_of_CAR1 AGCCGCCAA
A:	1.253	-0.442	-2.645	-2.645	-0.442	-2.645	-2.645	0.405	0.857	
C:	-1.030	-2.645	-2.645	-2.645	-1.030	-2.645	-2.645	-1.030	-1.030	
G:	-2.645	1.168	-2.645	-2.645	1.075	-1.030	-0.442	0.405	-0.442	
T:	-2.645	-2.645	1.331	1.331	-2.645	1.253	1.168	-0.442	-0.442	
motif: SWI5 ATATCATGCTGG
A:	0.754	-2.079	0.754	-0.470	-0.470	0.754	-2.079	-2.079	-2.079	-2.079	-2.079	0.118	
C:	-2.079	0.486	0.118	0.486	0.118	-0.470	0.965	-2.079	-2.079	1.288	-2.079	-2.079	
G:	0.118	0.118	-2.079	0.118	-0.470	-2.079	0.118	1.288	-2.079	-2.079	1.288	0.965	
T:	-0.470	0.118	-0.470	-0.470	0.486	0.118	-2.079	-2.079	1.288	-2.079	-2.079	-2.079	
motif: STE12 ATGAAACC
A:	1.224	-1.609	-1.609	1.224	1.224	1.224	0.000	0.000	
C:	-1.609	1.224	-1.609	-1.609	-1.609	-1.609	-1.609	0.000	
G:	-1.609	-1.609	1.224	-1.609	-1.609	-1.609	-1.609	-1.609	
T:	-1.609	-1.609	-1.609	-1.609	-1.609	-1.609	0.956	0.588
motif: TBP TATAAAA
A:	-2.703	1.335	-2.703	1.262	0.903	1.335	0.659	
C:	1.335	-2.703	1.335	-1.100	0.125	-2.703	0.511	
G:	-2.703	-2.703	-2.703	-2.703	-2.703	-2.703	-1.100	
T:	-2.703	-2.703	-2.703	-2.703	-1.100	-2.703	-2.703
motif: UASPHR TTTTCTTCCTCG
A:	-0.074	-1.030	-2.645	0.194	-0.442	-2.645	-1.030	-2.645	-2.645	-0.442	-2.645	-2.645	
C:	0.857	0.972	1.168	0.405	-0.074	0.972	0.857	-1.030	-1.030	1.168	-1.030	0.194	
G:	-2.645	-0.442	-2.645	-0.442	-1.030	-1.030	-0.074	-2.645	-2.645	-2.645	-2.645	0.580	
T:	-0.442	-1.030	-0.442	-0.442	0.728	-0.074	-1.030	1.253	1.253	-2.645	1.253	-0.074	
motif: XBP1 GCCTCGAGGCGA
A:	-0.270	-0.270	-1.440	-3.650	-3.650	-3.650	1.191	0.473	-0.592	0.473	-0.592	0.597	
C:	-0.805	-0.419	-2.025	1.366	-3.650	-3.650	-3.650	-1.440	-3.650	-1.440	-0.419	-1.073	
G:	0.805	-0.026	-0.592	-3.650	-3.650	1.366	-0.419	0.706	1.054	-1.440	0.597	0.333	
T:	-0.592	0.473	1.125	-3.650	1.366	-3.650	-3.650	-2.025	-0.592	0.653	-0.026	-0.805
